25 10
37 48 42 40 12 4 45 9 6 16 47 38 25 5 13 27 37 18 24 28 36 14 8 11 2 
7 6 12 8 30 23 46 27 14 37 39 19 31 49 26 48 45 16 23 1 28 1 39 47 26 
16 32 41 26 43 43 34 50 6 43 29 30 38 7 43 26 47 14 7 45 39 6 41 4 28 
42 33 31 32 30 6 48 11 47 25 5 41 8 4 48 3 34 27 40 41 21 16 37 34 24 
32 25 31 24 30 9 17 13 41 49 44 48 46 6 46 22 11 36 31 16 35 33 50 13 25 
40 34 40 28 19 15 11 43 45 35 23 5 1 37 47 49 30 45 46 35 40 17 47 28 50 
13 14 32 12 27 6 3 10 47 30 30 13 41 23 10 25 47 16 27 33 13 28 14 9 23 
48 50 42 45 29 41 9 43 22 20 19 30 22 30 26 1 9 39 41 33 48 17 29 13 46 
13 27 23 26 35 45 26 35 38 22 13 30 30 7 4 49 25 33 22 6 8 22 17 48 15 
49 47 33 30 12 28 42 38 50 20 25 47 45 9 36 16 23 16 47 30 19 45 6 1 18 
14 10 39 30 10 5 30 6 40 9 17 17 3 7 19 22 31 17 18 41 2 35 13 19 31 
44 39 27 2 39 44 15 1 34 44 10 41 25 17 30 34 36 48 38 44 18 9 24 36 28 
16 40 12 30 8 44 24 47 20 25 37 15 41 39 50 34 50 40 10 17 21 43 4 19 30 
47 38 40 22 24 19 37 13 32 18 22 25 41 18 46 17 7 10 7 45 10 42 45 1 2 
13 22 46 16 40 28 12 29 19 35 2 40 21 16 21 38 38 46 31 7 43 49 13 3 8 
10 14 1 4 14 4 18 35 2 33 26 31 46 5 49 30 8 38 2 24 11 41 13 8 23 
19 50 22 34 4 31 43 17 33 48 33 37 17 19 40 49 45 20 46 1 20 25 10 10 28 
35 20 20 47 27 43 18 26 16 3 30 46 47 48 30 46 30 16 12 49 5 10 45 26 7 
45 46 33 6 5 10 41 24 29 39 2 23 8 27 38 10 8 35 6 6 15 3 35 32 14 
35 39 25 29 14 31 25 9 13 31 13 22 23 38 3 13 39 25 21 16 13 32 25 49 40 
30 13 42 17 45 6 1 35 30 32 48 11 6 7 23 38 19 47 10 9 1 25 47 25 45 
12 39 26 39 38 15 18 2 9 34 48 14 37 32 43 18 30 5 25 36 30 13 6 26 24 
14 26 48 13 2 42 26 41 20 14 30 36 32 31 44 17 31 9 5 12 2 22 41 8 49 
28 37 11 36 14 34 1 39 34 13 43 27 41 33 46 4 14 34 35 44 29 4 26 38 8 
38 41 32 30 48 30 10 37 42 47 50 27 49 41 10 14 33 37 4 17 34 7 30 17 44 
